cam0:
  T_cam_imu:
  - [0.011049440609010253, -0.9999352525141028, 0.0027204120619487293, 0.013250801674644834]
  - [0.7358237353448744, 0.006288737366952457, -0.6771439154902352, 0.0327869081026958]
  - [0.6770829641671287, 0.009483805243062415, 0.7358455796379887, 0.03081594015110757]
  - [0.0, 0.0, 0.0, 1.0]
  cam_overlaps: []
  camera_model: pinhole
  distortion_coeffs: [-0.2662622952434696, 0.06366394515706107, -0.0004606075214441864, 0.0007948998058417159]
  distortion_model: radtan
  intrinsics: [599.9567526314801, 599.0683000521359, 582.2979504730761, 400.12187120375273]
  resolution: [1280, 720]
  rostopic: /camera/image_raw
  timeshift_cam_imu: -0.03711883606479034
