cam0:
  T_cam_imu:
  - [0.016637856039385446, -0.9998612178646005, 0.0008525002826975103, 0.008274969561200779]
  - [0.7379711499585933, 0.011704674000380388, -0.6747307481027804, 0.023989695540959505]
  - [0.6746271292908443, 0.011855193666243158, 0.7380634734275445, 0.0391994909471391]
  - [0.0, 0.0, 0.0, 1.0]
  cam_overlaps: []
  camera_model: pinhole
  distortion_coeffs: [-0.2662622952434696, 0.06366394515706107, -0.0004606075214441864, 0.0007948998058417159]
  distortion_model: radtan
  intrinsics: [599.9567526314801, 599.0683000521359, 582.2979504730761, 400.12187120375273]
  resolution: [1280, 720]
  rostopic: /camera/image_raw
  timeshift_cam_imu: -0.036163118433774566
