%YAML:1.0

cam0:
  T_cam_imu:
    - [-0.029669879379475628, -0.9979845688595387, -0.056093658962927395, -0.013470233527240685]
    - [0.804297493831804, 0.00948381678564214, -0.5941511580692718, 0.009530246434938704]
    - [0.5934856693075982, -0.06274438251682946, 0.802395103916453, 0.05686851926640261]
    - [0.0, 0.0, 0.0, 1.0]
  camera_model: pinhole
  distortion_coeffs: [-0.28284275643229784, 0.09642833520746703, -0.0004253122199240249, 0.00030433058426510077]
  distortion_model: radtan
  intrinsics: [1172.581914406446, 1170.0917249474796, 912.5548842428768, 575.4538827301693]
  line_delay: 1.896523286048787e-05
  resolution: [1920, 1080]
  rostopic: /camera/image_raw
  timeshift_cam_imu: -0.18623548885792404
